00 FF FF 00 02 02 22 07 03 38 
00 FF FF 00 02 02 22 07 03 37 
00 FF FF 00 02 02 22 07 03 35 
00 FF FF 00 02 02 22 07 03 34 
00 FF FF 00 02 02 22 07 03 34 
00 FF FF 00 02 02 22 07 03 36 
00 FF FF 00 02 02 22 07 03 35 
00 FF FF 00 02 02 22 07 03 35 
00 FF FF 00 02 02 22 07 03 33 
00 FF FF 00 02 02 22 07 03 34 
00 FF FF 00 02 02 22 07 03 35 
00 FF FF 00 02 02 22 07 03 36 
00 FF FF 00 02 02 22 07 03 35 
00 FF FF 00 02 02 22 07 03 33 
00 FF FF 00 02 02 22 07 03 34 
00 FF FF 00 02 02 22 07 03 35 
00 FF FF 00 02 02 22 07 03 36 
00 FF FF 00 02 02 22 07 03 35 
00 FF FF 00 02 02 22 07 03 34 
00 FF FF 00 02 02 22 07 03 33 
00 FF FF 00 02 02 22 07 03 34 
00 FF FF 00 02 02 22 07 03 36 
00 FF FF 00 02 02 22 07 03 35 
00 FF FF 00 02 02 22 07 03 34 
00 FF FF 00 02 02 22 07 03 33 
00 FF FF 00 02 02 22 07 03 34 
00 FF FF 00 02 02 22 07 03 36 
00 FF FF 00 02 02 22 07 03 35 
00 FF FF 00 02 02 22 07 03 34 
00 FF FF 00 02 02 22 07 03 34 
00 FF FF 00 02 02 22 07 03 36 
00 FF FF 00 02 02 22 07 03 37 
00 FF FF 00 02 02 22 07 03 36 
00 FF FF 00 02 02 22 07 03 34 
00 FF FF 00 02 02 22 07 03 35 
00 FF FF 00 02 02 22 07 03 37 
00 FF FF 00 02 02 22 07 03 36 
00 FF FF 00 02 02 22 07 03 34 
00 FF FF 00 02 02 22 07 03 34 
00 FF FF 00 02 02 22 07 03 36 
00 FF FF 00 02 02 22 07 03 36 
00 FF FF 00 02 02 22 07 03 35 
00 FF FF 00 02 02 22 07 03 34 
00 FF FF 00 02 02 22 07 03 34 
00 FF FF 00 02 02 22 07 03 36 
00 FF FF 00 02 02 22 07 03 36 
00 FF FF 00 02 02 22 07 03 35 
00 FF FF 00 02 02 22 07 03 34 
00 FF FF 00 02 02 22 07 03 35 
00 FF FF 00 02 02 22 07 03 37 
00 FF FF 00 02 02 22 07 03 36 
00 FF FF 00 02 02 22 07 03 35 
00 FF FF 00 02 02 22 07 03 33 
00 FF FF 00 02 02 22 07 03 38 
00 FF FF 00 02 02 22 07 03 38 
00 FF FF 00 02 02 22 07 03 37 
00 FF FF 00 02 02 22 07 03 35 
00 FF FF 00 02 02 22 07 03 35 
00 FF FF 00 02 02 22 07 03 36 
00 FF FF 00 02 02 22 07 03 36 
00 FF FF 00 02 02 22 07 03 36 
00 FF FF 00 02 02 22 07 03 35 
00 FF FF 00 02 02 22 07 03 34 
00 FF FF 00 02 02 22 07 03 34 
00 FF FF 00 02 02 22 07 03 35 
00 FF FF 00 02 02 22 07 03 36 
00 FF FF 00 02 02 22 07 03 3A 
00 FF FF 00 02 02 22 07 03 3A 
00 FF FF 00 02 02 22 07 03 39 
00 FF FF 00 02 02 22 07 03 37 
00 FF FF 00 02 02 22 07 03 38 
00 FF FF 00 02 02 22 07 03 39 
00 FF FF 00 02 02 22 07 03 3A 
00 FF FF 00 02 02 22 07 03 39 
00 FF FF 00 02 02 22 07 03 39 
00 FF FF 00 02 02 22 07 03 38 
00 FF FF 00 02 02 22 07 03 39 
00 FF FF 00 02 02 22 07 03 39 
00 FF FF 00 02 02 22 07 03 3B 
00 FF FF 00 02 02 22 07 03 3A 
00 FF FF 00 02 02 22 07 03 38 
00 FF FF 00 02 02 22 07 03 39 
00 FF FF 00 02 02 22 07 03 3A 
00 FF FF 00 02 02 22 07 03 3B 
00 FF FF 00 02 02 22 07 03 3A 
00 FF FF 00 02 02 22 07 03 39 
00 FF FF 00 02 02 22 07 03 39 
00 FF FF 00 02 02 22 07 03 3C 
00 FF FF 00 02 02 22 07 03 3D 
00 FF FF 00 02 02 22 07 03 3C 
00 FF FF 00 02 02 22 07 03 3A 
00 FF FF 00 02 02 22 07 03 3B 
00 FF FF 00 02 02 22 07 03 3C 
00 FF FF 00 02 02 22 07 03 3D 
00 FF FF 00 02 02 22 07 03 3C 
00 FF FF 00 02 02 22 07 03 3A 
00 FF FF 00 02 02 22 07 03 3B 
00 FF FF 00 02 02 22 07 03 3C 
00 FF FF 00 02 02 22 07 03 3E 
00 FF FF 00 02 02 22 07 03 3D 
00 FF FF 00 02 02 22 07 03 3B 
00 FF FF 00 02 02 22 07 03 3C 
00 FF FF 00 02 02 22 07 03 3D 
00 FF FF 00 02 02 22 07 03 3D 
00 FF FF 00 02 02 22 07 03 3C 
00 FF FF 00 02 02 22 07 03 3B 
00 FF FF 00 02 02 22 07 03 3C 
00 FF FF 00 02 02 22 07 03 3D 
00 FF FF 00 02 02 22 07 03 3C 
00 FF FF 00 02 02 22 07 03 3A 
00 FF FF 00 02 02 22 07 03 3C 
00 FF FF 00 02 02 22 07 03 3D 
00 FF FF 00 02 02 22 07 03 3D 
00 FF FF 00 02 02 22 07 03 3B 
00 FF FF 00 02 02 22 07 03 3B 
00 FF FF 00 02 02 22 07 03 3C 
00 FF FF 00 02 02 22 07 03 3D 
00 FF FF 00 02 02 22 07 03 3D 
00 FF FF 00 02 02 22 07 03 3B 
00 FF FF 00 02 02 22 07 03 3C 
00 FF FF 00 02 02 22 07 03 3D 
00 FF FF 00 02 02 22 07 03 3D 
00 FF FF 00 02 02 22 07 03 3D 
00 FF FF 00 02 02 22 07 03 3B 
00 FF FF 00 02 02 22 07 03 3B 
00 FF FF 00 02 02 22 07 03 3C 
00 FF FF 00 02 02 22 07 03 3D 
00 FF FF 00 02 02 22 07 03 3C 
00 FF FF 00 02 02 22 07 03 3C 
00 FF FF 00 02 02 22 07 03 3B 
00 FF FF 00 02 02 22 07 03 3B 
00 FF FF 00 02 02 22 07 03 3C 
00 FF FF 00 02 02 22 07 03 3D 
00 FF FF 00 02 02 22 07 03 3D 
00 FF FF 00 02 02 22 07 03 3D 
00 FF FF 00 02 02 22 07 03 3B 
00 FF FF 00 02 02 22 07 03 3B 
00 FF FF 00 02 02 22 07 03 3B 
00 FF FF 00 02 02 22 07 03 3C 
00 FF FF 00 02 02 22 07 03 3D 
00 FF FF 00 02 02 22 07 03 3D 
00 FF FF 00 02 02 22 07 03 3C 
00 FF FF 00 02 02 22 07 03 3B 
00 FF FF 00 02 02 22 07 03 3B 
00 FF FF 00 02 02 22 07 03 3B 
00 FF FF 00 02 02 22 07 03 3D 
00 FF FF 00 02 02 22 07 03 3D 
00 FF FF 00 02 02 22 07 03 3D 
00 FF FF 00 02 02 22 07 03 3C 
00 FF FF 00 02 02 22 07 03 3B 
00 FF FF 00 02 02 22 07 03 3B 
00 FF FF 00 02 02 22 07 03 3B 
00 FF FF 00 02 02 22 07 03 3C 
00 FF FF 00 02 02 22 07 03 3D 
00 FF FF 00 02 02 22 07 03 3D 
00 FF FF 00 02 02 22 07 03 3D 
00 FF FF 00 02 02 22 07 03 3C 
00 FF FF 00 02 02 22 07 03 3B 
00 FF FF 00 02 02 22 07 03 3B 
00 FF FF 00 02 02 22 07 03 3C 
00 FF FF 00 02 02 22 07 03 3D 
00 FF FF 00 02 02 22 07 03 3D 
00 FF FF 00 02 02 22 07 03 3C 
00 FF FF 00 02 02 22 07 03 3B 
00 FF FF 00 02 02 22 07 03 3A 
00 FF FF 00 02 02 22 07 03 3C 
00 FF FF 00 02 02 22 07 03 3D 
00 FF FF 00 02 02 22 07 03 3D 
00 FF FF 00 02 02 22 07 03 3C 
00 FF FF 00 02 02 22 07 03 3B 
00 FF FF 00 02 02 22 07 03 3C 
00 FF FF 00 02 02 22 07 03 3E 
00 FF FF 00 02 02 22 07 03 3D 
00 FF FF 00 02 02 22 07 03 3B 
00 FF FF 00 02 02 22 07 03 3C 
00 FF FF 00 02 02 22 07 03 3D 
00 FF FF 00 02 02 22 07 03 3E 
00 FF FF 00 02 02 22 07 03 3D 
00 FF FF 00 02 02 22 07 03 3B 
00 FF FF 00 02 02 22 07 03 3C 
00 FF FF 00 02 02 22 07 03 3C 
00 FF FF 00 02 02 22 07 03 3E 
00 FF FF 00 02 02 22 07 03 3D 
00 FF FF 00 02 02 22 07 03 3D 
00 FF FF 00 02 02 22 07 03 3B 
00 FF FF 00 02 02 22 07 03 3C 
00 FF FF 00 02 02 22 07 03 3D 
00 FF FF 00 02 02 22 07 03 3E 
00 FF FF 00 02 02 22 07 03 3D 
00 FF FF 00 02 02 22 07 03 3B 
00 FF FF 00 02 02 22 07 03 3A 
00 FF FF 00 02 02 22 07 03 3A 
00 FF FF 00 02 02 22 07 03 3B 
00 FF FF 00 02 02 22 07 03 3B 
00 FF FF 00 02 02 22 07 03 3A 
00 FF FF 00 02 02 22 07 03 39 
00 FF FF 00 02 02 22 07 03 3A 
00 FF FF 00 02 02 22 07 03 3B 
00 FF FF 00 02 02 22 07 03 3C 
00 FF FF 00 02 02 22 07 03 3C 
00 FF FF 00 02 02 22 07 03 3B 
00 FF FF 00 02 02 22 07 03 39 
00 FF FF 00 02 02 22 07 03 39 
00 FF FF 00 02 02 22 07 03 3B 
00 FF FF 00 02 02 22 07 03 3B 
00 FF FF 00 02 02 22 07 03 3A 
00 FF FF 00 02 02 22 07 03 38 
00 FF FF 00 02 02 22 07 03 39 
00 FF FF 00 02 02 22 07 03 3A 
00 FF FF 00 02 02 22 07 03 3A 
00 FF FF 00 02 02 22 07 03 3A 
00 FF FF 00 02 02 22 07 03 38 
00 FF FF 00 02 02 22 07 03 38 
00 FF FF 00 02 02 22 07 03 39 
00 FF FF 00 02 02 22 07 03 3A 
00 FF FF 00 02 02 22 07 03 39 
00 FF FF 00 02 02 22 07 03 37 
00 FF FF 00 02 02 22 07 03 37 
00 FF FF 00 02 02 22 07 03 38 
00 FF FF 00 02 02 22 07 03 39 
00 FF FF 00 02 02 22 07 03 39 
00 FF FF 00 02 02 22 07 03 37 
00 FF FF 00 02 02 22 07 03 35 
00 FF FF 00 02 02 22 07 03 37 
00 FF FF 00 02 02 22 07 03 37 
00 FF FF 00 02 02 22 07 03 38 
00 FF FF 00 02 02 22 07 03 39 
00 FF FF 00 02 02 22 07 03 39 
00 FF FF 00 02 02 22 07 03 38 
00 FF FF 00 02 02 22 07 03 37 
00 FF FF 00 02 02 22 07 03 37 
00 FF FF 00 02 02 22 07 03 38 
00 FF FF 00 02 02 22 07 03 38 
00 FF FF 00 02 02 22 07 03 39 
00 FF FF 00 02 02 22 07 03 39 
00 FF FF 00 02 02 22 07 03 38 
00 FF FF 00 02 02 22 07 03 37 
00 FF FF 00 02 02 22 07 03 37 
00 FF FF 00 02 02 22 07 03 37 
00 FF FF 00 02 02 22 07 03 38 
00 FF FF 00 02 02 22 07 03 39 
00 FF FF 00 02 02 22 07 03 39 
00 FF FF 00 02 02 22 07 03 39 
00 FF FF 00 02 02 22 07 03 38 
00 FF FF 00 02 02 22 07 03 37 
00 FF FF 00 02 02 22 07 03 37 
00 FF FF 00 02 02 22 07 03 38 
00 FF FF 00 02 02 22 07 03 39 
00 FF FF 00 02 02 22 07 03 39 
00 FF FF 00 02 02 22 07 03 38 
00 FF FF 00 02 02 22 07 03 37 
00 FF FF 00 02 02 22 07 03 37 
00 FF FF 00 02 02 22 07 03 38 
00 FF FF 00 02 02 22 07 03 39 
00 FF FF 00 02 02 22 07 03 3A 
00 FF FF 00 02 02 22 07 03 3A 
00 FF FF 00 02 02 22 07 03 38 
00 FF FF 00 02 02 22 07 03 38 
00 FF FF 00 02 02 22 07 03 39 
00 FF FF 00 02 02 22 07 03 39 
00 FF FF 00 02 02 22 07 03 39 
00 FF FF 00 02 02 22 07 03 37 
00 FF FF 00 02 02 22 07 03 37 
00 FF FF 00 02 02 22 07 03 39 
00 FF FF 00 02 02 22 07 03 3A 
00 FF FF 00 02 02 22 07 03 3A 
00 FF FF 00 02 02 22 07 03 3A 
00 FF FF 00 02 02 22 07 03 3A 
00 FF FF 00 02 02 22 07 03 3B 
00 FF FF 00 02 02 22 07 03 3C 
00 FF FF 00 02 02 22 07 03 3D 
00 FF FF 00 02 02 22 07 03 3C 
00 FF FF 00 02 02 22 07 03 3B 
00 FF FF 00 02 02 22 07 03 3B 
00 FF FF 00 02 02 22 07 03 3B 
00 FF FF 00 02 02 22 07 03 3D 
00 FF FF 00 02 02 22 07 03 3C 
00 FF FF 00 02 02 22 07 03 3C 
00 FF FF 00 02 02 22 07 03 3B 
00 FF FF 00 02 02 22 07 03 3B 
00 FF FF 00 02 02 22 07 03 3D 
00 FF FF 00 02 02 22 07 03 3C 
00 FF FF 00 02 02 22 07 03 3A 
00 FF FF 00 02 02 22 07 03 38 
00 FF FF 00 02 02 22 07 03 39 
00 FF FF 00 02 02 22 07 03 3A 
00 FF FF 00 02 02 22 07 03 3B 
00 FF FF 00 02 02 22 07 03 3A 
00 FF FF 00 02 02 22 07 03 3A 
00 FF FF 00 02 02 22 07 03 3C 
00 FF FF 00 02 02 22 07 03 3D 
00 FF FF 00 02 02 22 07 03 3A 
00 FF FF 00 02 02 22 07 03 3B 
00 FF FF 00 02 02 22 07 03 3A 
00 FF FF 00 02 02 22 07 03 3C 
00 FF FF 00 02 02 22 07 03 3E 
00 FF FF 00 02 02 22 07 03 3D 
00 FF FF 00 02 02 22 07 03 3C 
00 FF FF 00 02 02 22 07 03 3C 
00 FF FF 00 02 02 22 07 03 3C 
00 FF FF 00 02 02 22 07 03 3E 
00 FF FF 00 02 02 22 07 03 3E 
00 FF FF 00 02 02 22 07 03 3D 
00 FF FF 00 02 02 22 07 03 3C 
00 FF FF 00 02 02 22 07 03 3C 
00 FF FF 00 02 02 22 07 03 3D 
00 FF FF 00 02 02 22 07 03 3E 
00 FF FF 00 02 02 22 07 03 3E 
00 FF FF 00 02 02 22 07 03 3D 
00 FF FF 00 02 02 22 07 03 3C 
00 FF FF 00 02 02 22 07 03 3C 
00 FF FF 00 02 02 22 07 03 3D 
00 FF FF 00 02 02 22 07 03 3E 
00 FF FF 00 02 02 22 07 03 3D 
00 FF FF 00 02 02 22 07 03 3B 
00 FF FF 00 02 02 22 07 03 3C 
00 FF FF 00 02 02 22 07 03 3C 
00 FF FF 00 02 02 22 07 03 3D 
00 FF FF 00 02 02 22 07 03 3C 
00 FF FF 00 02 02 22 07 03 3B
