00 FF FF 00 02 04 22 07 68 11 00 01 
00 FF FF 00 02 04 22 07 FF EC 00 01 
00 FF FF 00 02 04 22 07 FF FA 00 01 
00 FF FF 00 02 04 22 07 FF FD 00 01 
00 FF FF 00 02 04 22 07 FF FF 00 01 
00 FF FF 00 02 04 22 07 FF F8 00 01 
00 FF FF 00 02 04 22 07 FF F6 00 01 
00 FF FF 00 02 04 22 07 FF FF 00 01 
00 FF FF 00 02 04 22 07 00 17 00 01 
00 FF FF 00 02 04 22 07 FF FB 00 01 
00 FF FF 00 02 04 22 07 FF FE 00 01 
00 FF FF 00 02 04 22 07 FF FD 00 01 
00 FF FF 00 02 04 22 07 FF FE 00 01 
00 FF FF 00 02 04 22 07 FF FB 00 01 
00 FF FF 00 02 04 22 07 FF FE 00 01 
00 FF FF 00 02 04 22 07 FF FD 00 01 
00 FF FF 00 02 04 22 07 FF FF 00 01 
00 FF FF 00 02 04 22 07 FF FD 00 01 
00 FF FF 00 02 04 22 07 FF FC 00 01 
00 FF FF 00 02 04 22 07 FF FF 00 01 
00 FF FF 00 02 04 22 07 FF FE 00 01 
00 FF FF 00 02 04 22 07 FF FF 00 01 
00 FF FF 00 02 04 22 07 FF FE 00 01 
00 FF FF 00 02 04 22 07 67 F6 00 02 
00 FF FF 00 02 04 22 07 00 10 00 02 
00 FF FF 00 02 04 22 07 00 04 00 02 
00 FF FF 00 02 04 22 07 00 01 00 02 
00 FF FF 00 02 04 22 07 00 01 00 02 
00 FF FF 00 02 04 22 07 FF FB 00 02 
00 FF FF 00 02 04 22 07 00 18 00 02 
00 FF FF 00 02 04 22 07 00 05 00 02 
00 FF FF 00 02 04 22 07 00 01 00 02 
00 FF FF 00 02 04 22 07 00 01 00 02 
00 FF FF 00 02 04 22 07 00 01 00 02 
00 FF FF 00 02 04 22 07 00 01 00 02 
00 FF FF 00 02 04 22 07 FF FE 00 02 
00 FF FF 00 02 04 22 07 00 04 00 02 
00 FF FF 00 02 04 22 07 FF FF 00 02 
00 FF FF 00 02 04 22 07 FF FF 00 02 
00 FF FF 00 02 04 22 07 FF FD 00 02 
00 FF FF 00 02 04 22 07 00 03 00 02 
00 FF FF 00 02 04 22 07 FF FE 00 02 
00 FF FF 00 02 04 22 07 00 04 00 02 
00 FF FF 00 02 04 22 07 00 03 00 02 
00 FF FF 00 02 04 22 07 00 01 00 02 
00 FF FF 00 02 04 22 07 FF FE 00 02 
00 FF FF 00 02 04 22 07 68 02 00 03 
00 FF FF 00 02 04 22 07 FF E3 00 03 
00 FF FF 00 02 04 22 07 00 03 00 03 
00 FF FF 00 02 04 22 07 FF FE 00 03 
00 FF FF 00 02 04 22 07 FF FD 00 03 
00 FF FF 00 02 04 22 07 00 15 00 03 
00 FF FF 00 02 04 22 07 00 03 00 03 
00 FF FF 00 02 04 22 07 00 01 00 03 
00 FF FF 00 02 04 22 07 00 09 00 03 
00 FF FF 00 02 04 22 07 FF FC 00 03 
00 FF FF 00 02 04 22 07 00 05 00 03 
00 FF FF 00 02 04 22 07 FF FE 00 03 
00 FF FF 00 02 04 22 07 00 03 00 03 
00 FF FF 00 02 04 22 07 00 01 00 03 
00 FF FF 00 02 04 22 07 FF FE 00 03 
00 FF FF 00 02 04 22 07 00 01 00 03 
00 FF FF 00 02 04 22 07 FF FF 00 03 
00 FF FF 00 02 04 22 07 FF FC 00 03 
00 FF FF 00 02 04 22 07 00 02 00 03 
00 FF FF 00 02 04 22 07 FF FF 00 03 
00 FF FF 00 02 04 22 07 FF FE 00 03 
00 FF FF 00 02 04 22 07 FF FA 00 03 
00 FF FF 00 02 04 22 07 00 03 00 03 
00 FF FF 00 02 04 22 07 FF FE 00 03 
00 FF FF 00 02 04 22 07 68 1B 00 04 
00 FF FF 00 02 04 22 07 00 01 00 04 
00 FF FF 00 02 04 22 07 FF F8 00 04 
00 FF FF 00 02 04 22 07 00 02 00 04 
00 FF FF 00 02 04 22 07 FF F7 00 04 
00 FF FF 00 02 04 22 07 FF FA 00 04 
00 FF FF 00 02 04 22 07 FF F2 00 04 
00 FF FF 00 02 04 22 07 00 12 00 04 
00 FF FF 00 02 04 22 07 FF FA 00 04 
00 FF FF 00 02 04 22 07 00 04 00 04 
00 FF FF 00 02 04 22 07 00 01 00 04 
00 FF FF 00 02 04 22 07 FF FF 00 04 
00 FF FF 00 02 04 22 07 00 02 00 04 
00 FF FF 00 02 04 22 07 FF FF 00 04 
00 FF FF 00 02 04 22 07 00 01 00 04 
00 FF FF 00 02 04 22 07 FF FC 00 04 
00 FF FF 00 02 04 22 07 00 01 00 04 
00 FF FF 00 02 04 22 07 00 01 00 04 
00 FF FF 00 02 04 22 07 FF FF 00 04 
00 FF FF 00 02 04 22 07 00 02 00 04 
00 FF FF 00 02 04 22 07 FF FE 00 04 
00 FF FF 00 02 04 22 07 00 01 00 04 
00 FF FF 00 02 04 22 07 FF FF 00 04 
00 FF FF 00 02 04 22 07 00 01 00 04 
00 FF FF 00 02 04 22 07 67 F5 00 05 
00 FF FF 00 02 04 22 07 00 24 00 05 
00 FF FF 00 02 04 22 07 FF F0 00 05 
00 FF FF 00 02 04 22 07 00 07 00 05 
00 FF FF 00 02 04 22 07 FF FD 00 05 
00 FF FF 00 02 04 22 07 00 0E 00 05 
00 FF FF 00 02 04 22 07 00 0C 00 05 
00 FF FF 00 02 04 22 07 00 02 00 05 
00 FF FF 00 02 04 22 07 FF FE 00 05 
00 FF FF 00 02 04 22 07 00 05 00 05 
00 FF FF 00 02 04 22 07 00 01 00 05 
00 FF FF 00 02 04 22 07 FF F5 00 05 
00 FF FF 00 02 04 22 07 00 09 00 05 
00 FF FF 00 02 04 22 07 FF F0 00 05 
00 FF FF 00 02 04 22 07 00 17 00 05 
00 FF FF 00 02 04 22 07 FF ED 00 05 
00 FF FF 00 02 04 22 07 00 06 00 05 
00 FF FF 00 02 04 22 07 00 02 00 05 
00 FF FF 00 02 04 22 07 FF FE 00 05 
00 FF FF 00 02 04 22 07 00 03 00 05 
00 FF FF 00 02 04 22 07 00 08 00 05 
00 FF FF 00 02 04 22 07 FF F7 00 05 
00 FF FF 00 02 04 22 07 00 08 00 05 
00 FF FF 00 02 04 22 07 FF FD 00 05 
00 FF FF 00 02 04 22 07 00 05 00 05 
00 FF FF 00 02 04 22 07 FF FE 00 05 
00 FF FF 00 02 04 22 07 00 03 00 05 
00 FF FF 00 02 04 22 07 FF FE 00 05 
00 FF FF 00 02 04 22 07 FF FA 00 05 
00 FF FF 00 02 04 22 07 00 03 00 05 
00 FF FF 00 02 04 22 07 68 21 00 06 
00 FF FF 00 02 04 22 07 FF FE 00 06 
00 FF FF 00 02 04 22 07 FF FA 00 06 
00 FF FF 00 02 04 22 07 FF FE 00 06 
00 FF FF 00 02 04 22 07 FF F1 00 06 
00 FF FF 00 02 04 22 07 FF FF 00 06 
00 FF FF 00 02 04 22 07 FF F5 00 06 
00 FF FF 00 02 04 22 07 00 0D 00 06 
00 FF FF 00 02 04 22 07 00 07 00 06 
00 FF FF 00 02 04 22 07 FF F8 00 06 
00 FF FF 00 02 04 22 07 00 04 00 06 
00 FF FF 00 02 04 22 07 00 01 00 06 
00 FF FF 00 02 04 22 07 FF FF 00 06 
00 FF FF 00 02 04 22 07 00 02 00 06 
00 FF FF 00 02 04 22 07 FF FC 00 06 
00 FF FF 00 02 04 22 07 00 01 00 06 
00 FF FF 00 02 04 22 07 00 01 00 06 
00 FF FF 00 02 04 22 07 FF FF 00 06 
00 FF FF 00 02 04 22 07 FF FE 00 06 
00 FF FF 00 02 04 22 07 FF FF 00 06 
00 FF FF 00 02 04 22 07 00 01 00 06 
00 FF FF 00 02 04 22 07 00 01 00 06 
00 FF FF 00 02 04 22 07 00 01 00 06 
00 FF FF 00 02 04 22 07 00 01 00 06 
00 FF FF 00 02 04 22 07 68 23 00 07 
00 FF FF 00 02 04 22 07 00 03 00 07 
00 FF FF 00 02 04 22 07 00 16 00 07 
00 FF FF 00 02 04 22 07 FF F6 00 07 
00 FF FF 00 02 04 22 07 FF F9 00 07 
00 FF FF 00 02 04 22 07 FF FC 00 07 
00 FF FF 00 02 04 22 07 FF FC 00 07 
00 FF FF 00 02 04 22 07 00 02 00 07 
00 FF FF 00 02 04 22 07 FF FE 00 07 
00 FF FF 00 02 04 22 07 FF FE 00 07 
00 FF FF 00 02 04 22 07 FF FF 00 07 
00 FF FF 00 02 04 22 07 FF FF 00 07 
00 FF FF 00 02 04 22 07 00 01 00 07 
00 FF FF 00 02 04 22 07 00 01 00 07 
00 FF FF 00 02 04 22 07 FF FF 00 07 
00 FF FF 00 02 04 22 07 00 01 00 07 
00 FF FF 00 02 04 22 07 00 02 00 07 
00 FF FF 00 02 04 22 07 00 01 00 07 
00 FF FF 00 02 04 22 07 00 02 00 07 
00 FF FF 00 02 04 22 07 FF FF 00 07 
00 FF FF 00 02 04 22 07 68 16 00 08 
00 FF FF 00 02 04 22 07 FF F9 00 08 
00 FF FF 00 02 04 22 07 FF FD 00 08 
00 FF FF 00 02 04 22 07 00 15 00 08 
00 FF FF 00 02 04 22 07 FF FF 00 08 
00 FF FF 00 02 04 22 07 00 05 00 08 
00 FF FF 00 02 04 22 07 00 05 00 08 
00 FF FF 00 02 04 22 07 00 03 00 08 
00 FF FF 00 02 04 22 07 00 01 00 08 
00 FF FF 00 02 04 22 07 00 02 00 08 
00 FF FF 00 02 04 22 07 FF FE 00 08 
00 FF FF 00 02 04 22 07 00 03 00 08 
00 FF FF 00 02 04 22 07 00 01 00 08 
00 FF FF 00 02 04 22 07 FF FF 00 08 
00 FF FF 00 02 04 22 07 00 02 00 08 
00 FF FF 00 02 04 22 07 00 02 00 08 
00 FF FF 00 02 04 22 07 FF FF 00 08 
00 FF FF 00 02 04 22 07 00 02 00 08 
00 FF FF 00 02 04 22 07 68 17 00 09 
00 FF FF 00 02 04 22 07 FF FF 00 09 
00 FF FF 00 02 04 22 07 FF F7 00 09 
00 FF FF 00 02 04 22 07 FF F7 00 09 
00 FF FF 00 02 04 22 07 FF F4 00 09 
00 FF FF 00 02 04 22 07 00 10 00 09 
00 FF FF 00 02 04 22 07 00 02 00 09 
00 FF FF 00 02 04 22 07 FF FE 00 09 
00 FF FF 00 02 04 22 07 00 04 00 09 
00 FF FF 00 02 04 22 07 FF F9 00 09 
00 FF FF 00 02 04 22 07 00 05 00 09 
00 FF FF 00 02 04 22 07 FF FF 00 09 
00 FF FF 00 02 04 22 07 00 01 00 09 
00 FF FF 00 02 04 22 07 00 01 00 09 
00 FF FF 00 02 04 22 07 FF FE 00 09 
00 FF FF 00 02 04 22 07 FF FF 00 09 
00 FF FF 00 02 04 22 07 00 03 00 09 
00 FF FF 00 02 04 22 07 FF FF 00 09 
00 FF FF 00 02 04 22 07 00 02 00 09 
00 FF FF 00 02 04 22 07 FF FE 00 09 
00 FF FF 00 02 04 22 07 FF FD 00 09 
00 FF FF 00 02 04 22 07 68 08 00 0A 
00 FF FF 00 02 04 22 07 FF FD 00 0A 
00 FF FF 00 02 04 22 07 00 10 00 0A 
00 FF FF 00 02 04 22 07 FF F6 00 0A 
00 FF FF 00 02 04 22 07 FF FC 00 0A 
00 FF FF 00 02 04 22 07 FF F2 00 0A 
00 FF FF 00 02 04 22 07 FF FD 00 0A 
00 FF FF 00 02 04 22 07 00 02 00 0A 
00 FF FF 00 02 04 22 07 00 0A 00 0A 
00 FF FF 00 02 04 22 07 00 01 00 0A 
00 FF FF 00 02 04 22 07 00 06 00 0A 
00 FF FF 00 02 04 22 07 FF FD 00 0A 
00 FF FF 00 02 04 22 07 FF FD 00 0A 
00 FF FF 00 02 04 22 07 FF FE 00 0A 
00 FF FF 00 02 04 22 07 00 02 00 0A 
00 FF FF 00 02 04 22 07 00 02 00 0A 
00 FF FF 00 02 04 22 07 FF FF 00 0A 
00 FF FF 00 02 04 22 07 00 01 00 0A 
00 FF FF 00 02 04 22 07 FF FB 00 0A 
00 FF FF 00 02 04 22 07 FF FD 00 0A 
00 FF FF 00 02 04 22 07 00 01 00 0A 
00 FF FF 00 02 04 22 07 00 06 00 0A 
00 FF FF 00 02 04 22 07 00 01 00 0A 
00 FF FF 00 02 04 22 07 FF FD 00 0A 
00 FF FF 00 02 04 22 07 00 01 00 0A 
00 FF FF 00 02 04 22 07 00 05 00 0A
