10
26641 -20 -6 -3 -1 -8 -10 -1 23 -5 0 -2 -3 0 -2 0 -5 -2 -3 0 -1 0 0 -3 -4 -1 -2 0 0 0 -1 -2 
26614 16 4 0 1 0 1 -5 24 5 1 1 1 1 -2 4 0 -1 0 0 -1 0 0 0 -3 3 0 -2 4 3 1 -2 
26626 -29 0 3 -2 -3 21 3 1 9 -4 5 -2 3 0 1 -2 0 0 1 -1 -4 2 -1 -2 0 -6 0 0 3 0 -2 
26651 1 -8 2 -9 -6 -14 0 18 -6 4 1 0 -1 2 -1 1 0 0 -4 0 1 1 -1 0 2 -2 1 0 0 -1 1 
26613 36 -16 0 7 -3 14 12 2 -2 5 1 -11 9 0 -16 23 -19 6 2 -2 3 8 -9 8 -3 5 -2 3 -2 -6 3 
26657 -2 -6 -2 -15 -1 -11 13 7 -8 0 4 1 -1 2 -4 1 0 0 1 0 -1 -2 0 0 0 -1 1 1 1 1 0 
26659 3 22 -10 -7 -4 -4 2 0 -2 -2 -1 0 0 0 -1 1 0 0 1 -1 1 2 0 1 0 0 2 0 0 0 -1 
26646 -7 -3 21 -1 0 5 5 0 0 3 0 1 0 0 0 0 0 0 0 0 2 -2 3 1 -1 2 0 2 0 -1 2 
26647 -1 -9 -9 -12 16 2 0 0 0 -2 4 -7 5 -1 0 1 0 0 0 1 0 -2 0 -1 3 0 -1 2 -2 0 -3 
26632 -3 16 -10 0 -4 -14 -3 2 10 1 6 -3 -3 -2 0 2 2 0 0 0 -1 1 -5 -3 1 6 1 -3 0 1 5 