00 FF FF 00 02 04 22 07 3F A0 00 01 
00 FF FF 00 02 04 22 07 3F 80 00 02 
00 FF FF 00 02 04 22 07 00 07 00 02 
00 FF FF 00 02 04 22 07 00 01 00 02 
00 FF FF 00 02 04 22 07 00 05 00 02 
00 FF FF 00 02 04 22 07 00 02 00 02 
00 FF FF 00 02 04 22 07 00 04 00 02 
00 FF FF 00 02 04 22 07 00 05 00 02 
00 FF FF 00 02 04 22 07 FF FF 00 02 
00 FF FF 00 02 04 22 07 00 02 00 02 
00 FF FF 00 02 04 22 07 FF FE 00 02 
00 FF FF 00 02 04 22 07 FF FE 00 02 
00 FF FF 00 02 04 22 07 FF FF 00 02 
00 FF FF 00 02 04 22 07 FF FE 00 02 
00 FF FF 00 02 04 22 07 00 01 00 02 
00 FF FF 00 02 04 22 07 00 02 00 02 
00 FF FF 00 02 04 22 07 FF FF 00 02 
00 FF FF 00 02 04 22 07 00 01 00 02 
00 FF FF 00 02 04 22 07 00 01 00 02 
00 FF FF 00 02 04 22 07 3F 55 00 03 
00 FF FF 00 02 04 22 07 00 0C 00 03 
00 FF FF 00 02 04 22 07 FF FB 00 03 
00 FF FF 00 02 04 22 07 00 03 00 03 
00 FF FF 00 02 04 22 07 FF FE 00 03 
00 FF FF 00 02 04 22 07 00 02 00 03 
00 FF FF 00 02 04 22 07 FF FF 00 03 
00 FF FF 00 02 04 22 07 00 01 00 03 
00 FF FF 00 02 04 22 07 00 01 00 03 
00 FF FF 00 02 04 22 07 00 01 00 03 
00 FF FF 00 02 04 22 07 3F 34 00 04 
00 FF FF 00 02 04 22 07 00 0B 00 04 
00 FF FF 00 02 04 22 07 FF FE 00 04 
00 FF FF 00 02 04 22 07 FF FF 00 04 
00 FF FF 00 02 04 22 07 FF FE 00 04 
00 FF FF 00 02 04 22 07 00 03 00 04 
00 FF FF 00 02 04 22 07 FF FC 00 04 
00 FF FF 00 02 04 22 07 00 03 00 04 
00 FF FF 00 02 04 22 07 FF FE 00 04 
00 FF FF 00 02 04 22 07 00 01 00 04 
00 FF FF 00 02 04 22 07 FF FF 00 04 
00 FF FF 00 02 04 22 07 00 02 00 04 
00 FF FF 00 02 04 22 07 FF FF 00 04 
00 FF FF 00 02 04 22 07 FF FF 00 04 
00 FF FF 00 02 04 22 07 00 01 00 04 
00 FF FF 00 02 04 22 07 FF FF 00 04 
00 FF FF 00 02 04 22 07 00 02 00 04 
00 FF FF 00 02 04 22 07 FF FE 00 04 
00 FF FF 00 02 04 22 07 00 02 00 04 
00 FF FF 00 02 04 22 07 FF FF 00 04 
00 FF FF 00 02 04 22 07 00 01 00 04 
00 FF FF 00 02 04 22 07 3F 20 00 05 
00 FF FF 00 02 04 22 07 3F 1E 00 06 
00 FF FF 00 02 04 22 07 00 01 00 06 
00 FF FF 00 02 04 22 07 00 01 00 06 
00 FF FF 00 02 04 22 07 FF FE 00 06 
00 FF FF 00 02 04 22 07 00 01 00 06 
00 FF FF 00 02 04 22 07 00 01 00 06 
00 FF FF 00 02 04 22 07 FF FE 00 06 
00 FF FF 00 02 04 22 07 00 01 00 06 
00 FF FF 00 02 04 22 07 FF FE 00 06 
00 FF FF 00 02 04 22 07 00 01 00 06 
00 FF FF 00 02 04 22 07 FF FE 00 06 
00 FF FF 00 02 04 22 07 00 01 00 06 
00 FF FF 00 02 04 22 07 FF FF 00 06 
00 FF FF 00 02 04 22 07 00 01 00 06 
00 FF FF 00 02 04 22 07 FF FF 00 06 
00 FF FF 00 02 04 22 07 00 01 00 06 
00 FF FF 00 02 04 22 07 FF FF 00 06 
00 FF FF 00 02 04 22 07 00 01 00 06 
00 FF FF 00 02 04 22 07 3F 08 00 07 
00 FF FF 00 02 04 22 07 00 0A 00 07 
00 FF FF 00 02 04 22 07 00 07 00 07 
00 FF FF 00 02 04 22 07 00 03 00 07 
00 FF FF 00 02 04 22 07 FF FE 00 07 
00 FF FF 00 02 04 22 07 FF FE 00 07 
00 FF FF 00 02 04 22 07 FF FF 00 07 
00 FF FF 00 02 04 22 07 00 01 00 07 
00 FF FF 00 02 04 22 07 00 01 00 07 
00 FF FF 00 02 04 22 07 FF FF 00 07 
00 FF FF 00 02 04 22 07 3E EF 00 08 
00 FF FF 00 02 04 22 07 00 0E 00 08 
00 FF FF 00 02 04 22 07 00 01 00 08 
00 FF FF 00 02 04 22 07 FF FC 00 08 
00 FF FF 00 02 04 22 07 FF FF 00 08 
00 FF FF 00 02 04 22 07 00 02 00 08 
00 FF FF 00 02 04 22 07 00 01 00 08 
00 FF FF 00 02 04 22 07 FF FF 00 08 
00 FF FF 00 02 04 22 07 FF FF 00 08 
00 FF FF 00 02 04 22 07 00 01 00 08 
00 FF FF 00 02 04 22 07 00 01 00 08 
00 FF FF 00 02 04 22 07 FF FF 00 08 
00 FF FF 00 02 04 22 07 00 01 00 08 
00 FF FF 00 02 04 22 07 FF FF 00 08 
00 FF FF 00 02 04 22 07 3E E0 00 09 
00 FF FF 00 02 04 22 07 3E D1 00 0A 
00 FF FF 00 02 04 22 07 00 0E 00 0A 
00 FF FF 00 02 04 22 07 FF FF 00 0A 
00 FF FF 00 02 04 22 07 FF FC 00 0A 
00 FF FF 00 02 04 22 07 00 01 00 0A 
00 FF FF 00 02 04 22 07 00 02 00 0A 
00 FF FF 00 02 04 22 07 FF FF 00 0A 
00 FF FF 00 02 04 22 07 FF FF 00 0A 
00 FF FF 00 02 04 22 07 00 01 00 0A 
00 FF FF 00 02 04 22 07 00 01 00 0A 
00 FF FF 00 02 04 22 07 FF FF 00 0A 
00 FF FF 00 02 04 22 07 00 01 00 0A 
00 FF FF 00 02 04 22 07 FF FF 00 0A 
00 FF FF 00 02 04 22 07 00 01 00 0A 
