10
16288 0 0 0 0 0 0 0 0 0 0 0 0 0 0 0 0 0 0 0 0 0 0 0 0 0 0 0 0 0 0 0 
16256 7 1 5 2 4 0 5 -1 2 0 0 0 0 -2 0 -2 -1 0 -2 1 0 0 0 0 0 2 -1 1 0 0 1 
16213 12 -5 0 3 -2 0 2 -1 0 1 0 0 1 0 0 1 0 0 0 0 0 0 0 0 0 0 0 0 0 0 0 
16180 11 -2 -1 -2 3 0 -4 3 0 -2 0 0 1 -1 0 2 -1 0 0 -1 1 -1 0 2 -2 0 2 -1 0 1 0 
16160 0 0 0 0 0 0 0 0 0 0 0 0 0 0 0 0 0 0 0 0 0 0 0 0 0 0 0 0 0 0 0 
16158 1 1 -2 1 1 -2 0 1 -2 0 1 -2 0 1 -1 0 1 -1 0 1 -1 0 1 0 0 0 0 0 0 0 0 
16136 10 7 3 0 -2 -2 -1 0 1 1 0 0 0 -1 0 0 0 0 0 0 0 0 0 0 0 0 0 0 0 0 0 
16111 14 1 -4 -1 2 1 -1 -1 1 1 0 -1 0 1 0 -1 0 0 0 0 0 0 0 0 0 0 0 0 0 0 0 
16096 0 0 0 0 0 0 0 0 0 0 0 0 0 0 0 0 0 0 0 0 0 0 0 0 0 0 0 0 0 0 0 
16081 14 -1 -4 1 2 -1 -1 1 1 -1 0 1 0 -1 0 1 0 0 0 0 0 0 0 0 0 0 0 0 0 0 0 