12345678901234567890123456789012345678901234567890123456789012345678901234567
Butterfly Angles for the ELT, ws=1.2*pi/M                                    
(c) 1991 Henrique S. Malvar                                                  
-----------------------------------------                                    
M = 2                                                                        
-----------------------------------------                                    
    0.3642                                                                   
    0.5259    0.6546                                                         
    0.4044    0.4501    0.4209                                               
    0.4951    0.5923    0.5568   0.5845                                      
-----------------------------------------                                    
M = 4                                                                        
-----------------------------------------                                    
    0.4144                                                                   
    0.3119                                                                   
    0.5485    0.6138                                                         
    0.5117    0.7015                                                         
    0.4382    0.4328    0.4300                                               
    0.3845    0.4784    0.4070                                               
    0.5214    0.5933    0.5519   0.5421                                      
    0.4811    0.5805    0.5421   0.6304                                      
-----------------------------------------                                    
M = 8                                                                        
-----------------------------------------                                    
    0.4352                                                                   
    0.3935                                                                   
    0.3417                                                                   
    0.2817                                                                   
    0.5619    0.5948                                                         
    0.5368    0.6340                                                         
    0.5187    0.6780                                                         
    0.5056    0.7256                                                         
    0.4463    0.4210    0.4412                                               
    0.4352    0.4481    0.4170                                               
    0.4173    0.4705    0.3957                                               
    0.3497    0.4884    0.4216                                               
    0.5273    0.5837    0.5589   0.5336                                      
    0.5164    0.6019    0.5424   0.5503                                      
    0.4980    0.5972    0.5361   0.5932                                      
    0.4674    0.5651    0.5443   0.6656                                      
-----------------------------------------                                    
M = 16                                                                       
-----------------------------------------                                    
    0.4443                                                                   
    0.4260                                                                   
    0.4052                                                                   
    0.3817                                                                   
    0.3558                                                                   
    0.3275                                                                   
    0.2973                                                                   
    0.2659                                                                   
    0.5693    0.5858                                                         
    0.5549    0.6041                                                         
    0.5424    0.6237                                                         
    0.5317    0.6446                                                         
    0.5226    0.6666                                                         
    0.5150    0.6897                                                         
    0.5085    0.7134                                                         
    0.5028    0.7378                                                         
    0.4496    0.4143    0.4470                                               
    0.4444    0.4291    0.4354                                               
    0.4393    0.4425    0.4228                                               
    0.4337    0.4548    0.4096                                               
    0.4260    0.4659    0.3975                                               
    0.4128    0.4760    0.3903                                               
    0.3839    0.4849    0.3982                                               
    0.3116    0.4925    0.4491                                               
    0.5382    0.5888    0.5529    0.5168                                     
    0.5346    0.6054    0.5420    0.5170                                     
    0.5291    0.6194    0.5340    0.5208                                     
    0.5223    0.6288    0.5282    0.5301                                     
    0.5142    0.6301    0.5243    0.5483                                     
    0.5042    0.6183    0.5228    0.5803                                     
    0.4896    0.5872    0.5265    0.6320                                     
    0.4489    0.5368    0.5565    0.7039                                     
-----------------------------------------                                    
M = 32                                                                       
-----------------------------------------                                    
    0.4486                                                                   
    0.4401                                                                   
    0.4309                                                                   
    0.4211                                                                   
    0.4107                                                                   
    0.3996                                                                   
    0.3879                                                                   
    0.3755                                                                   
    0.3625                                                                   
    0.3490                                                                   
    0.3348                                                                   
    0.3201                                                                   
    0.3050                                                                   
    0.2896                                                                   
    0.2739                                                                   
    0.2580                                                                   
    0.5731    0.5814                                                         
    0.5655    0.5902                                                         
    0.5583    0.5994                                                         
    0.5516    0.6088                                                         
    0.5453    0.6187                                                         
    0.5395    0.6288                                                         
    0.5342    0.6393                                                         
    0.5293    0.6500                                                         
    0.5247    0.6610                                                         
    0.5206    0.6723                                                         
    0.5168    0.6838                                                         
    0.5133    0.6955                                                         
    0.5101    0.7074                                                         
    0.5070    0.7195                                                         
    0.5042    0.7317                                                         
    0.5014    0.7439                                                         
    0.4510    0.4107    0.4497                                               
    0.4484    0.4183    0.4443                                               
    0.4459    0.4257    0.4384                                               
    0.4434    0.4327    0.4323                                               
    0.4409    0.4395    0.4259                                               
    0.4383    0.4459    0.4193                                               
    0.4355    0.4520    0.4127                                               
    0.4325    0.4579    0.4061                                               
    0.4288    0.4634    0.3999                                               
    0.4242    0.4687    0.3944                                               
    0.4179    0.4737    0.3905                                               
    0.4088    0.4784    0.3892                                               
    0.3950    0.4829    0.3925                                               
    0.3728    0.4871    0.4040                                               
    0.3370    0.4909    0.4291                                               
    0.2828    0.4941    0.4725                                               
    0.5298    0.5746    0.5670    0.5299                                     
    0.5292    0.5817    0.5602    0.5308                                     
    0.5278    0.5884    0.5543    0.5324                                     
    0.5257    0.5945    0.5494    0.5347                                     
    0.5231    0.5998    0.5452    0.5383                                     
    0.5198    0.6037    0.5417    0.5434                                     
    0.5162    0.6060    0.5389    0.5502                                     
    0.5121    0.6068    0.5367    0.5589                                     
    0.5076    0.6057    0.5350    0.5696                                     
    0.5027    0.6027    0.5340    0.5823                                     
    0.4972    0.5977    0.5337    0.5972                                     
    0.4909    0.5906    0.5343    0.6144                                     
    0.4832    0.5812    0.5364    0.6340                                     
    0.4743    0.5703    0.5399    0.6551                                     
    0.4645    0.5606    0.5444    0.6751                                     
    0.4546    0.5537    0.5492    0.6924                                     
-----------------------------------------                                    
M = 64                                                                       
-----------------------------------------                                    
    0.4507                                                                   
    0.4466                                                                   
    0.4423                                                                   
    0.4378                                                                   
    0.4333                                                                   
    0.4285                                                                   
    0.4236                                                                   
    0.4186                                                                   
    0.4134                                                                   
    0.4080                                                                   
    0.4025                                                                   
    0.3968                                                                   
    0.3909                                                                   
    0.3849                                                                   
    0.3787                                                                   
    0.3724                                                                   
    0.3659                                                                   
    0.3592                                                                   
    0.3524                                                                   
    0.3455                                                                   
    0.3384                                                                   
    0.3312                                                                   
    0.3239                                                                   
    0.3164                                                                   
    0.3089                                                                   
    0.3012                                                                   
    0.2935                                                                   
    0.2857                                                                   
    0.2778                                                                   
    0.2699                                                                   
    0.2620                                                                   
    0.2540                                                                   
    0.5751    0.5793                                                         
    0.5712    0.5836                                                         
    0.5674    0.5880                                                         
    0.5637    0.5924                                                         
    0.5601    0.5970                                                         
    0.5566    0.6017                                                         
    0.5532    0.6064                                                         
    0.5500    0.6113                                                         
    0.5469    0.6162                                                         
    0.5438    0.6212                                                         
    0.5409    0.6262                                                         
    0.5382    0.6314                                                         
    0.5355    0.6366                                                         
    0.5329    0.6419                                                         
    0.5304    0.6473                                                         
    0.5281    0.6527                                                         
    0.5258    0.6582                                                         
    0.5236    0.6638                                                         
    0.5216    0.6694                                                         
    0.5196    0.6751                                                         
    0.5177    0.6809                                                         
    0.5159    0.6867                                                         
    0.5141    0.6926                                                         
    0.5125    0.6985                                                         
    0.5108    0.7045                                                         
    0.5093    0.7104                                                         
    0.5078    0.7165                                                         
    0.5063    0.7225                                                         
    0.5049    0.7286                                                         
    0.5035    0.7347                                                         
    0.5021    0.7408                                                         
    0.5007    0.7469                                                         
    0.4517    0.4087    0.4511                                               
    0.4504    0.4126    0.4484                                               
    0.4491    0.4165    0.4457                                               
    0.4478    0.4202    0.4428                                               
    0.4465    0.4239    0.4399                                               
    0.4453    0.4275    0.4369                                               
    0.4440    0.4310    0.4339                                               
    0.4428    0.4345    0.4307                                               
    0.4415    0.4379    0.4275                                               
    0.4403    0.4411    0.4243                                               
    0.4390    0.4444    0.4210                                               
    0.4377    0.4475    0.4176                                               
    0.4363    0.4506    0.4143                                               
    0.4349    0.4536    0.4110                                               
    0.4334    0.4565    0.4076                                               
    0.4317    0.4593    0.4044                                               
    0.4299    0.4621    0.4013                                               
    0.4279    0.4648    0.3983                                               
    0.4256    0.4674    0.3956                                               
    0.4230    0.4700    0.3932                                               
    0.4198    0.4725    0.3912                                               
    0.4161    0.4749    0.3897                                               
    0.4116    0.4773    0.3890                                               
    0.4061    0.4796    0.3893                                               
    0.3993    0.4819    0.3909                                               
    0.3907    0.4840    0.3942                                               
    0.3796    0.4861    0.3999                                               
    0.3657    0.4881    0.4085                                               
    0.3480    0.4900    0.4208                                               
    0.3255    0.4918    0.4380                                               
    0.2983    0.4934    0.4598                                               
    0.2664    0.4949    0.4863                                               
    0.5297    0.5727    0.5693    0.5301                                     
    0.5292    0.5759    0.5660    0.5309                                     
    0.5286    0.5791    0.5628    0.5317                                     
    0.5279    0.5822    0.5598    0.5326                                     
    0.5271    0.5853    0.5570    0.5337                                     
    0.5261    0.5882    0.5544    0.5350                                     
    0.5250    0.5910    0.5520    0.5364                                     
    0.5238    0.5937    0.5497    0.5381                                     
    0.5224    0.5961    0.5476    0.5400                                     
    0.5210    0.5983    0.5457    0.5423                                     
    0.5193    0.6001    0.5440    0.5450                                     
    0.5176    0.6016    0.5424    0.5480                                     
    0.5158    0.6027    0.5410    0.5515                                     
    0.5139    0.6035    0.5397    0.5554                                     
    0.5119    0.6038    0.5386    0.5597                                     
    0.5097    0.6038    0.5377    0.5645                                     
    0.5074    0.6032    0.5369    0.5699                                     
    0.5051    0.6022    0.5362    0.5757                                     
    0.5026    0.6007    0.5357    0.5821                                     
    0.4999    0.5987    0.5354    0.5890                                     
    0.4971    0.5961    0.5353    0.5965                                     
    0.4941    0.5931    0.5354    0.6045                                     
    0.4909    0.5895    0.5358    0.6131                                     
    0.4873    0.5855    0.5365    0.6222                                     
    0.4836    0.5810    0.5375    0.6317                                     
    0.4795    0.5763    0.5389    0.6415                                     
    0.4751    0.5715    0.5406    0.6515                                     
    0.4704    0.5668    0.5426    0.6613                                     
    0.4657    0.5626    0.5447    0.6707                                     
    0.4610    0.5589    0.5468    0.6795                                     
    0.4563    0.5558    0.5488    0.6878                                     
    0.4517    0.5532    0.5509    0.6955                                     
-----------------------------------------                                    

