830.389709
831.900146
830.986206
830.962585
831.133423
831.946228
833.016113
832.937500
832.908264
832.942078
831.129089
830.901428
831.049744
832.029419
833.018494
833.894592
833.980408
834.114807
832.960449
832.076477
831.907532
832.054871
832.884827
833.910461
833.942261
833.986328
833.023132
831.958496
832.038635
832.952148
834.055664
834.008484
833.810852
832.874084
831.999390
831.081665
831.924683
831.962769
833.028564
833.138977
833.000793
832.140259
831.029541
830.974182
831.014832
831.917053
831.954651
832.999329
832.027771
831.962952
830.177307
829.976013
830.981506
831.044067
831.982178
831.977722
831.989197
831.819458
830.121826
830.057129
830.056396
831.020996
831.964905
831.988953
831.986450
831.870117
830.213379
830.029663
830.037659
830.045593
830.966797
830.986694
831.926575
831.925293
832.072388
832.044434
831.033752
831.981995
831.087585
831.144165
831.106567
831.956848
832.089294
832.960022
833.904785
833.909302
833.980469
833.825867
832.027954
832.073242
831.962463
832.004578
833.928955
833.937012
833.928223
833.051880
832.036499
832.023193
831.963623
832.125366
832.920593
833.735291
833.908875
834.100342
833.933533
832.954407
832.078918
832.002258
832.002014
832.097290
833.069397
833.956787
833.940674
833.939148
833.825806
832.169617
831.953308
832.076355
832.957336
833.881165
834.084961
833.969910
833.025452
831.994446
831.953003
831.261719
832.113281
832.945435
833.951843
833.115601
833.046143
831.986145
830.965088
831.893860
831.974792
832.933289
833.060547
833.892822
832.916016
833.069641
832.966675
832.034546
832.047546
832.051331
831.971985
831.856140
832.892456
833.022827
834.039612
829.128906
828.062256
831.923950
832.946228
827.188538
828.015808
830.050171
831.164001
829.914551
827.020020
831.896667
832.041321
832.114380
832.107788
832.130920
832.929810
833.053467
833.919800
833.970337
833.929443
834.022827
833.937500
833.023499
832.073425
832.033691
832.087524
833.036621
833.872314
833.969604
833.870361
833.049255
832.031433
832.029785
832.817627
833.875366
834.037354
834.050781
834.005127
833.910767
833.064270
832.015015
831.964722
832.023865
833.100891
833.043884
833.835754
833.915710
833.945435
834.080811
833.959717
834.011841
833.885071
833.729492
833.112732
832.928284
832.154907
831.975891
832.103027
832.025879
832.077759
832.069336
831.940735
831.976807
832.054504
832.161926
832.062378
833.000671
832.981812
833.190552
833.779785
833.892578
833.996521
833.939026
834.014954
834.051331
833.799805
833.065552
833.024414
832.209778
832.140137
832.104492
832.028625
831.968384
831.979126
831.973267
831.963867
832.038757
831.900208
831.923462
832.008362
832.139221
832.938660
832.978455
833.917847
834.019470
833.992981
833.919556
833.877808
833.024658
833.802979
833.084900
832.902954
832.989990
832.073425
832.070068
832.156372
831.982422
832.124390
832.041626
831.968018
832.020447
831.970581
832.070007
832.100037
833.061707
833.021667
833.897217
833.881653
833.948242
834.021973
833.919434
832.997498
832.943970
831.981079
831.961975
832.130859
832.137939
832.076660
832.055237
832.988403
833.916321
833.875061
833.819763
832.216248
832.998169
832.961243
832.931885
832.020142
830.940552
832.024902
832.008423
832.007568
832.090027
833.096436
832.949158
833.969116
833.838806
832.014832
831.177673
831.036377
831.017883
832.885498
831.198975
832.803894
832.062012
831.983887
831.946106
831.050659
831.008423
831.117249
831.041260
831.943054
831.951111
832.113464
831.887207
833.018860
833.079956
833.956970
833.946655
833.015015
832.758545
