509.000000
509.000000
509.000000
509.000000
509.000000
509.000000
509.000000
509.000000
509.000000
509.000000
509.000000
509.000000
509.000000
509.000000
509.000000
509.000000
509.000000
509.000000
509.000000
509.000000
509.000000
509.000000
509.000000
509.000000
509.000000
509.000000
509.000000
509.000000
509.000000
509.000000
509.000000
509.000000
508.913940
508.980530
508.819885
507.966583
507.911377
508.017365
508.049377
507.935944
507.960968
508.068054
508.040833
507.937439
508.075409
507.829651
508.015808
508.041260
507.989197
508.055298
508.095093
508.007477
508.034424
507.921326
507.942566
507.302643
507.907623
508.100037
507.960175
507.987488
507.906464
507.950928
507.153076
507.121765
507.158447
507.000854
506.914093
506.977173
507.031128
506.988617
506.951569
506.978638
506.992462
506.963989
506.961578
506.984161
506.956329
506.900635
506.909698
506.958740
506.956543
506.941193
506.988586
506.978302
506.726776
506.327179
506.072083
506.042450
506.052979
506.003815
505.995575
506.067749
506.105042
506.058990
506.021545
506.033081
505.931580
505.925934
506.027069
505.985687
506.116150
505.945526
505.915039
505.968414
506.093384
505.953247
505.943481
505.988770
505.934082
505.899963
506.026550
505.925140
505.955902
505.107971
505.046997
505.164856
505.090820
505.799744
505.194458
505.888611
505.904327
505.085938
505.062836
504.971619
504.997528
505.021698
505.043549
505.083130
505.000000
505.000000
505.000000
505.000000
505.000000
505.000000
505.000000
505.000000
505.000000
505.000000
505.000000
505.000000
505.000000
505.000000
505.000000
505.000000
505.000000
505.000000
505.000000
505.000000
505.000000
505.000000
505.000000
505.000000
505.000000
505.000000
505.000000
505.000000
505.000000
505.000000
505.000000
505.000000
504.888947
504.934448
505.078064
505.062378
504.998718
504.992249
504.927979
504.975220
505.005981
504.924713
504.970734
504.976929
504.972870
505.067078
504.975159
504.957153
505.057312
504.946228
505.012146
504.937042
504.318848
504.302887
504.920135
505.026245
504.928223
505.002197
504.937012
504.914246
504.992310
505.004578
505.004395
504.987579
504.963257
504.994690
504.999634
504.970032
504.966248
504.993439
504.938324
504.701874
504.355804
504.086090
503.987946
503.991364
503.995392
503.992035
504.014435
504.036438
504.007385
503.955292
503.963348
504.036224
504.073822
504.014069
503.931732
503.934479
504.007843
504.043854
504.004547
503.968567
503.998352
504.044983
504.035583
503.992920
504.003204
504.014526
503.981689
503.936951
503.960785
504.017273
504.011780
503.971710
503.979431
503.992645
503.942780
503.918640
503.998230
504.000336
503.707611
503.268738
503.045593
503.094635
503.137360
503.039551
502.965759
503.017975
503.062469
503.005432
502.950409
502.978027
503.014404
503.004425
503.002319
503.023438
503.003052
502.948822
503.000000
503.000000
503.000000
503.000000
503.000000
503.000000
503.000000
503.000000
503.000000
503.000000
503.000000
503.000000
503.000000
503.000000
503.000000
503.000000
503.000000
503.000000
503.000000
503.000000
503.000000
503.000000
503.000000
503.000000
503.000000
503.000000
503.000000
503.000000
503.000000
503.000000
503.000000
503.000000
503.051178
502.996948
502.976562
502.997681
502.995575
502.985596
503.021973
503.049591
502.994568
502.937531
502.982025
503.034241
502.960449
502.862640
502.905365
502.954407
502.731262
502.292389
501.999664
502.001770
502.081360
502.057220
502.007355
502.020569
502.028290
501.988220
501.982727
502.039215
502.063049
502.018311
501.985474
501.996796
